[app/ui]
version = 6.4.3
modtime = 1475019439.000496700

[app/launcher]
version = 6.4.3
modtime = 1475019439.021557900
